name: Home
latitude: 53.546842
longitude: -2.528516
radius: 50
icon: mdi:home
 
